BEGIN EXPERIMENT
Window dimensions: 1536  864
Image top left corner: 256.0  48.0
Begin mouse recording... 
Img	OriX	OriY	ImgX	ImgY
01001	808	489	552.0	441.0
01001	808	489	552.0	441.0
01001	808	489	552.0	441.0
01001	808	489	552.0	441.0
01001	808	489	552.0	441.0
01001	808	489	552.0	441.0
01001	808	489	552.0	441.0
01001	811	473	555.0	425.0
01001	812	449	556.0	401.0
01001	802	439	546.0	391.0
01001	801	439	545.0	391.0
01001	801	439	545.0	391.0
01001	794	416	538.0	368.0
01001	787	370	531.0	322.0
01001	787	366	531.0	318.0
01001	787	356	531.0	308.0
01001	788	352	532.0	304.0
01001	788	353	532.0	305.0
01001	780	364	524.0	316.0
01001	763	373	507.0	325.0
01001	742	378	486.0	330.0
01001	742	378	486.0	330.0
01001	742	383	486.0	335.0
01001	742	383	486.0	335.0
01001	742	383	486.0	335.0
01001	742	383	486.0	335.0
01001	703	384	447.0	336.0
01001	695	388	439.0	340.0
01001	695	405	439.0	357.0
01001	694	421	438.0	373.0
01001	692	423	436.0	375.0
01002	692	423	436.0	375.0
01002	692	423	436.0	375.0
01002	692	423	436.0	375.0
01002	692	423	436.0	375.0
01002	692	423	436.0	375.0
01002	687	411	431.0	363.0
01002	676	382	420.0	334.0
01002	671	364	415.0	316.0
01002	668	348	412.0	300.0
01002	668	348	412.0	300.0
01002	636	328	380.0	280.0
01002	634	322	378.0	274.0
01002	634	333	378.0	285.0
01002	618	435	362.0	387.0
01002	616	435	360.0	387.0
01002	616	435	360.0	387.0
01002	616	435	360.0	387.0
01002	569	436	313.0	388.0
01002	559	440	303.0	392.0
01002	597	470	341.0	422.0
01002	754	632	498.0	584.0
01002	750	641	494.0	593.0
01002	750	641	494.0	593.0
01002	750	641	494.0	593.0
01002	750	641	494.0	593.0
01002	677	621	421.0	573.0
01002	678	618	422.0	570.0
01002	687	604	431.0	556.0
01002	703	594	447.0	546.0
01002	722	591	466.0	543.0
01002	722	591	466.0	543.0
01002	722	591	466.0	543.0
01002	722	592	466.0	544.0
01003	722	592	466.0	544.0
01003	722	592	466.0	544.0
01003	722	592	466.0	544.0
01003	722	592	466.0	544.0
01003	716	569	460.0	521.0
01003	708	420	452.0	372.0
01003	702	417	446.0	369.0
01003	640	342	384.0	294.0
01003	614	297	358.0	249.0
01003	614	297	358.0	249.0
01003	637	238	381.0	190.0
01003	639	232	383.0	184.0
01003	639	232	383.0	184.0
01003	623	224	367.0	176.0
01003	622	222	366.0	174.0
01003	625	235	369.0	187.0
01003	665	279	409.0	231.0
01003	691	310	435.0	262.0
01003	696	317	440.0	269.0
01003	696	317	440.0	269.0
01003	887	611	631.0	563.0
01003	888	614	632.0	566.0
01003	888	614	632.0	566.0
01003	888	614	632.0	566.0
01003	859	619	603.0	571.0
01003	859	622	603.0	574.0
01004	859	622	603.0	574.0
01004	859	622	603.0	574.0
01004	859	622	603.0	574.0
01004	859	622	603.0	574.0
01004	859	622	603.0	574.0
01004	917	607	661.0	559.0
01004	917	607	661.0	559.0
01004	944	602	688.0	554.0
01004	944	612	688.0	564.0
01004	939	634	683.0	586.0
01004	934	636	678.0	588.0
01004	934	636	678.0	588.0
01004	934	636	678.0	588.0
01004	911	643	655.0	595.0
01004	773	693	517.0	645.0
01004	765	679	509.0	631.0
01004	733	665	477.0	617.0
01004	732	648	476.0	600.0
01004	729	359	473.0	311.0
01004	727	359	471.0	311.0
01004	727	359	471.0	311.0
01004	717	358	461.0	310.0
01004	746	352	490.0	304.0
01004	768	349	512.0	301.0
01004	777	350	521.0	302.0
01004	780	343	524.0	295.0
01004	781	343	525.0	295.0
01004	781	343	525.0	295.0
01004	781	343	525.0	295.0
01004	777	346	521.0	298.0
01004	740	340	484.0	292.0
01004	671	283	415.0	235.0
01004	671	284	415.0	236.0
01004	680	263	424.0	215.0
01004	680	266	424.0	218.0
01004	680	266	424.0	218.0
01004	678	272	422.0	224.0
01004	633	305	377.0	257.0
01004	633	306	377.0	258.0
01004	633	306	377.0	258.0
01004	598	306	342.0	258.0
01004	586	306	330.0	258.0
01004	586	305	330.0	257.0
01004	586	305	330.0	257.0
01004	552	303	296.0	255.0
01004	552	303	296.0	255.0
01004	552	303	296.0	255.0
01005	552	303	296.0	255.0
01005	552	303	296.0	255.0
01005	552	303	296.0	255.0
01005	552	303	296.0	255.0
01005	568	301	312.0	253.0
01005	795	292	539.0	244.0
01005	798	302	542.0	254.0
01005	802	312	546.0	264.0
01005	797	313	541.0	265.0
01005	831	270	575.0	222.0
01005	869	249	613.0	201.0
01005	886	246	630.0	198.0
01005	886	246	630.0	198.0
01005	897	242	641.0	194.0
01005	897	242	641.0	194.0
01005	884	240	628.0	192.0
01005	884	240	628.0	192.0
01005	887	362	631.0	314.0
01005	896	385	640.0	337.0
01005	902	397	646.0	349.0
01005	902	397	646.0	349.0
01005	918	398	662.0	350.0
01005	921	417	665.0	369.0
01005	918	421	662.0	373.0
01005	928	453	672.0	405.0
01005	974	535	718.0	487.0
01005	981	549	725.0	501.0
01005	981	549	725.0	501.0
01005	994	558	738.0	510.0
01005	995	558	739.0	510.0
01005	995	558	739.0	510.0
01006	995	558	739.0	510.0
01006	995	558	739.0	510.0
01006	995	558	739.0	510.0
01006	995	558	739.0	510.0
01006	995	558	739.0	510.0
01006	957	553	701.0	505.0
01006	933	544	677.0	496.0
01006	896	544	640.0	496.0
01006	896	544	640.0	496.0
01006	896	544	640.0	496.0
01006	896	544	640.0	496.0
01006	896	544	640.0	496.0
01006	896	544	640.0	496.0
01006	922	471	666.0	423.0
01006	927	462	671.0	414.0
01006	966	446	710.0	398.0
01006	966	458	710.0	410.0
01006	892	479	636.0	431.0
01006	824	426	568.0	378.0
01006	810	420	554.0	372.0
01006	786	415	530.0	367.0
01006	773	404	517.0	356.0
01006	772	403	516.0	355.0
01006	692	437	436.0	389.0
01006	692	437	436.0	389.0
01006	708	465	452.0	417.0
01006	708	479	452.0	431.0
01006	661	482	405.0	434.0
01006	655	478	399.0	430.0
01006	635	466	379.0	418.0
01006	632	466	376.0	418.0
01006	627	470	371.0	422.0
01006	627	470	371.0	422.0
01006	627	470	371.0	422.0
01006	627	470	371.0	422.0
01006	627	470	371.0	422.0
